Genetic Algorithm Specifications
------------------------
N = 350, T = 200, pc = 0.7, pm = 0.5, pswap = 0.5, pinv = 0.5, num_amrs 2
Processing time = 53.27166414260864
Converged at = 53.27166414260864
best Cmax = 1512.0
random generated numbers:[48.46, 49.83, 5.29, 12.73, 20.07, 31.31, 36.49, 9.78, 32.39, 30.6, 38.87, 5.68, 5.42, 38.37, 43.13, 20.34, 43.0, 7.38, 29.58, 30.8, 41.68, 24.98, 32.14, 24.06, 17.01, 29.21, 36.7, 34.83, 5.86, 16.24, 48.47, 13.16, 40.06, 0.67, 35.92, 27.06, 25.05, 13.85, 38.26, 44.02, 28.0, 18.84, 37.78, 5.33, 17.7, 3.03, 2.0, 48.1, 5.32, 32.43]
ranked list : [47, 49, 3, 11, 18, 29, 35, 10, 31, 27, 40, 7, 6, 39, 44, 19, 43, 9, 26, 28, 42, 21, 30, 20, 15, 25, 36, 33, 8, 14, 48, 12, 41, 0, 34, 23, 22, 13, 38, 45, 24, 17, 37, 5, 16, 2, 1, 46, 4, 32]
 operation_index :[7, 9, 3, 1, 8, 9, 5, 0, 1, 7, 0, 7, 6, 9, 4, 9, 3, 9, 6, 8, 2, 1, 0, 0, 5, 5, 6, 3, 8, 4, 8, 2, 1, 0, 4, 3, 2, 3, 8, 5, 4, 7, 7, 5, 6, 2, 1, 6, 4, 2]
machine sequence: [2, 4, 1, 0, 3, 3, 1, 1, 3, 0, 0, 1, 3, 2, 0, 1, 0, 0, 4, 1, 3, 4, 4, 3, 2, 4, 1, 4, 4, 3, 0, 4, 2, 2, 2, 2, 1, 3, 2, 0, 1, 3, 4, 3, 2, 2, 1, 0, 4, 0]
 ptime sequence: [38, 77, 77, 21, 17, 79, 54, 21, 52, 60, 53, 41, 69, 43, 83, 75, 55, 96, 77, 49, 39, 16, 95, 55, 43, 79, 87, 79, 25, 34, 44, 98, 26, 34, 64, 66, 42, 77, 98, 92, 19, 24, 83, 62, 87, 31, 71, 93, 37, 12]
 Cmax: 1512.0
